fast, l1_32kB_4way_22nm_fast,  32768,  4,  22,  0.452366,   1.37766,  0.452366,  0.0943145
normal, l1_32kB_4way_22nm_normal,  32768,  4,  22,  0.453606,   1.37766,  0.453606,  0.0943145
sequential, l1_32kB_4way_22nm_sequential,  32768,  4,  22,  0.321629,   0.245104,  0.227315,  0.0943145
fast, l2_256kB_8way_22nm_fast,  262144,  8,  22,  0.952151,   1.49853,  0.952151,  0.196124
normal, l2_256kB_8way_22nm_normal,  262144,  8,  22,  0.888211,   0.511378,  0.888211,  0.196124
sequential, l2_256kB_8way_22nm_sequential,  262144,  8,  22,  0.824338,   0.613349,  0.628215,  0.196124
fast, l3_2MB_16way_22nm_fast,  2097152,  16,  22,  2.19155,   1.84197,  2.19155,  0.476089
normal, l3_2MB_16way_22nm_normal,  2097152,  16,  22,  2.02979,   1.61682,  2.02979,  0.476089
sequential, l3_2MB_16way_22nm_sequential,  2097152,  16,  22,  2.1085,   1.61855,  1.6335,  0.474999
fast, l3_4MB_16way_22nm_fast,  4194304,  16,  22,  3.48952,   2.39573,  3.48952,  0.626779
normal, l3_4MB_16way_22nm_normal,  4194304,  16,  22,  2.42179,   1.61682,  2.33013,  0.626779
sequential, l3_4MB_16way_22nm_sequential,  4194304,  16,  22,  2.76557,   1.61855,  2.14013,  0.625443
fast, l3_8MB_16way_22nm_fast,  8388608,  16,  22,  4.39002,   5.68408,  4.39002,  0.880265
normal, l3_8MB_16way_22nm_normal,  8388608,  16,  22,  3.01679,   1.84197,  3.01679,  0.880265
sequential, l3_8MB_16way_22nm_sequential,  8388608,  16,  22,  3.76348,   1.61855,  2.88501,  0.878464
fast, l3_16MB_16way_22nm_fast,  16777216,  16,  22,  5.59867,   5.68408,  5.59867,  1.1503
normal, l3_16MB_16way_22nm_normal,  16777216,  16,  22,  4.10554,   1.84197,  3.89929,  1.1503
sequential, l3_16MB_16way_22nm_sequential,  16777216,  16,  22,  4.87759,   0.613349,  3.73117,  1.14641
